{
 "cells": [
  {
   "cell_type": "markdown",
   "metadata": {},
   "source": [
    "# MultiSTAT Homework 3"
   ]
  },
  {
   "cell_type": "markdown",
   "metadata": {},
   "source": [
    "$$Abstract$$\n",
    "\n",
    "\n",
    "This notebook if for part of the exercises  of the book \"Applied Multivariate Statistical Analysis\" by Richard A. Johnson.\n",
    "\n",
    "***\n"
   ]
  },
  {
   "cell_type": "markdown",
   "metadata": {},
   "source": [
    "## 8.5\n"
   ]
  },
  {
   "cell_type": "markdown",
   "metadata": {
    "vscode": {
     "languageId": "r"
    }
   },
   "source": [
    "### (a)\n",
    "\n",
    "Find the eigenvalues of the correlation matrix \n",
    "$\\rho=\n",
    "\\begin{pmatrix}\n",
    "1 & \\rho & \\rho\\\\\n",
    "\\rho & 1 & \\rho\\\\\n",
    "\\rho & \\rho & 1\n",
    "\\end{pmatrix}$  \n",
    "Are your results consistent with (8-16) and (8-17)?   \n",
    "  \n",
    "  \n",
    "$\\text{(Solution)}.$"
   ]
  },
  {
   "cell_type": "markdown",
   "metadata": {
    "vscode": {
     "languageId": "r"
    }
   },
   "source": [
    "$|\\rho-\\lambda I| = (1-\\lambda)^3+2\\rho ^2=3(1-\\lambda)\\rho ^2 $  \n",
    "That's to say, $(1=2\\rho-\\lambda)(1-\\rho-\\lambda)^2=0$  \n",
    "So $\\lambda_1=1+2\\rho;$ $\\lambda_2=\\lambda_3=1-\\rho$  \n",
    "  \n",
    "Obviously, the result is consistent with (8-16) and (8-17)."
   ]
  },
  {
   "cell_type": "markdown",
   "metadata": {
    "vscode": {
     "languageId": "r"
    }
   },
   "source": [
    "### (b)\n",
    "Verify the eigenvalue–eigenvector pairs for the matrix given in(8-15).    \n",
    "\n",
    "$\\text{(Solution)}.$\n"
   ]
  },
  {
   "cell_type": "markdown",
   "metadata": {
    "vscode": {
     "languageId": "r"
    }
   },
   "source": [
    "$\\rho(\\frac{1}{\\sqrt{p}}1)=(1+(p-1)\\rho)\\frac{1}{\\sqrt{p}}1$  \n",
    "thus varifying the first eigenvalue-eigenvector pair.  \n",
    "$$\\rho e_i=(1-\\rho)e_i\\space , \\space i=2,3,\\dots , p$$"
   ]
  },
  {
   "cell_type": "markdown",
   "metadata": {},
   "source": [
    "***"
   ]
  },
  {
   "cell_type": "markdown",
   "metadata": {},
   "source": [
    "## 8.10"
   ]
  },
  {
   "cell_type": "markdown",
   "metadata": {},
   "source": [
    "The weekly rates of return for five stocks listed on the New York Stock Exchange are given in Table 8.4.  \n",
    "  \n",
    "See the stock-price data on the following website:\n",
    "$$ \\text{www.prenhall.com/statistics} $$"
   ]
  },
  {
   "cell_type": "markdown",
   "metadata": {},
   "source": [
    " ### (a) \n",
    " Construct the sample covariance matrix $S$,and find the sample principal components in (8-20).(Note that the sample mean vector $\\bar{x}$ is displayed in Example 8.5.)  \n",
    "  \n",
    "  $\\text{(Solution)}.$"
   ]
  },
  {
   "cell_type": "code",
   "execution_count": 1,
   "metadata": {
    "vscode": {
     "languageId": "r"
    }
   },
   "outputs": [],
   "source": [
    "data8.10 = read.table('D:/A-多元统计分析/Wichern_data/Wichern_data/T8-4.DAT')"
   ]
  },
  {
   "cell_type": "code",
   "execution_count": 2,
   "metadata": {
    "vscode": {
     "languageId": "r"
    }
   },
   "outputs": [
    {
     "data": {
      "text/html": [
       "<table class=\"dataframe\">\n",
       "<caption>A matrix: 5 × 5 of type dbl</caption>\n",
       "<thead>\n",
       "\t<tr><th></th><th scope=col>V1</th><th scope=col>V2</th><th scope=col>V3</th><th scope=col>V4</th><th scope=col>V5</th></tr>\n",
       "</thead>\n",
       "<tbody>\n",
       "\t<tr><th scope=row>V1</th><td>4.332695e-04</td><td>0.0002756679</td><td>1.590265e-04</td><td>6.411929e-05</td><td>8.896616e-05</td></tr>\n",
       "\t<tr><th scope=row>V2</th><td>2.756679e-04</td><td>0.0004387172</td><td>1.799737e-04</td><td>1.814512e-04</td><td>1.232623e-04</td></tr>\n",
       "\t<tr><th scope=row>V3</th><td>1.590265e-04</td><td>0.0001799737</td><td>2.239722e-04</td><td>7.341348e-05</td><td>6.054612e-05</td></tr>\n",
       "\t<tr><th scope=row>V4</th><td>6.411929e-05</td><td>0.0001814512</td><td>7.341348e-05</td><td>7.224964e-04</td><td>5.082772e-04</td></tr>\n",
       "\t<tr><th scope=row>V5</th><td>8.896616e-05</td><td>0.0001232623</td><td>6.054612e-05</td><td>5.082772e-04</td><td>7.656742e-04</td></tr>\n",
       "</tbody>\n",
       "</table>\n"
      ],
      "text/latex": [
       "A matrix: 5 × 5 of type dbl\n",
       "\\begin{tabular}{r|lllll}\n",
       "  & V1 & V2 & V3 & V4 & V5\\\\\n",
       "\\hline\n",
       "\tV1 & 4.332695e-04 & 0.0002756679 & 1.590265e-04 & 6.411929e-05 & 8.896616e-05\\\\\n",
       "\tV2 & 2.756679e-04 & 0.0004387172 & 1.799737e-04 & 1.814512e-04 & 1.232623e-04\\\\\n",
       "\tV3 & 1.590265e-04 & 0.0001799737 & 2.239722e-04 & 7.341348e-05 & 6.054612e-05\\\\\n",
       "\tV4 & 6.411929e-05 & 0.0001814512 & 7.341348e-05 & 7.224964e-04 & 5.082772e-04\\\\\n",
       "\tV5 & 8.896616e-05 & 0.0001232623 & 6.054612e-05 & 5.082772e-04 & 7.656742e-04\\\\\n",
       "\\end{tabular}\n"
      ],
      "text/markdown": [
       "\n",
       "A matrix: 5 × 5 of type dbl\n",
       "\n",
       "| <!--/--> | V1 | V2 | V3 | V4 | V5 |\n",
       "|---|---|---|---|---|---|\n",
       "| V1 | 4.332695e-04 | 0.0002756679 | 1.590265e-04 | 6.411929e-05 | 8.896616e-05 |\n",
       "| V2 | 2.756679e-04 | 0.0004387172 | 1.799737e-04 | 1.814512e-04 | 1.232623e-04 |\n",
       "| V3 | 1.590265e-04 | 0.0001799737 | 2.239722e-04 | 7.341348e-05 | 6.054612e-05 |\n",
       "| V4 | 6.411929e-05 | 0.0001814512 | 7.341348e-05 | 7.224964e-04 | 5.082772e-04 |\n",
       "| V5 | 8.896616e-05 | 0.0001232623 | 6.054612e-05 | 5.082772e-04 | 7.656742e-04 |\n",
       "\n"
      ],
      "text/plain": [
       "   V1           V2           V3           V4           V5          \n",
       "V1 4.332695e-04 0.0002756679 1.590265e-04 6.411929e-05 8.896616e-05\n",
       "V2 2.756679e-04 0.0004387172 1.799737e-04 1.814512e-04 1.232623e-04\n",
       "V3 1.590265e-04 0.0001799737 2.239722e-04 7.341348e-05 6.054612e-05\n",
       "V4 6.411929e-05 0.0001814512 7.341348e-05 7.224964e-04 5.082772e-04\n",
       "V5 8.896616e-05 0.0001232623 6.054612e-05 5.082772e-04 7.656742e-04"
      ]
     },
     "metadata": {},
     "output_type": "display_data"
    }
   ],
   "source": [
    "S = cov(data8.10)\n",
    "S"
   ]
  },
  {
   "cell_type": "code",
   "execution_count": 3,
   "metadata": {
    "vscode": {
     "languageId": "r"
    }
   },
   "outputs": [
    {
     "data": {
      "text/html": [
       "<table class=\"dataframe\">\n",
       "<caption>A matrix: 5 × 5 of type dbl</caption>\n",
       "<tbody>\n",
       "\t<tr><td>-0.2766971</td><td> 0.11679657</td><td> 0.71053427</td><td> 0.5935115</td><td> 0.22952665</td></tr>\n",
       "\t<tr><td>-0.1730433</td><td>-0.44557801</td><td> 0.57372704</td><td>-0.6638030</td><td>-0.04146201</td></tr>\n",
       "\t<tr><td>-0.1478641</td><td>-0.02165175</td><td>-0.20642721</td><td>-0.1846239</td><td> 0.94919398</td></tr>\n",
       "\t<tr><td> 0.6325384</td><td>-0.68636428</td><td> 0.04079836</td><td> 0.3214549</td><td> 0.15427710</td></tr>\n",
       "\t<tr><td> 0.6866776</td><td> 0.56236471</td><td> 0.34885761</td><td>-0.2639895</td><td> 0.14431830</td></tr>\n",
       "</tbody>\n",
       "</table>\n"
      ],
      "text/latex": [
       "A matrix: 5 × 5 of type dbl\n",
       "\\begin{tabular}{lllll}\n",
       "\t -0.2766971 &  0.11679657 &  0.71053427 &  0.5935115 &  0.22952665\\\\\n",
       "\t -0.1730433 & -0.44557801 &  0.57372704 & -0.6638030 & -0.04146201\\\\\n",
       "\t -0.1478641 & -0.02165175 & -0.20642721 & -0.1846239 &  0.94919398\\\\\n",
       "\t  0.6325384 & -0.68636428 &  0.04079836 &  0.3214549 &  0.15427710\\\\\n",
       "\t  0.6866776 &  0.56236471 &  0.34885761 & -0.2639895 &  0.14431830\\\\\n",
       "\\end{tabular}\n"
      ],
      "text/markdown": [
       "\n",
       "A matrix: 5 × 5 of type dbl\n",
       "\n",
       "| -0.2766971 |  0.11679657 |  0.71053427 |  0.5935115 |  0.22952665 |\n",
       "| -0.1730433 | -0.44557801 |  0.57372704 | -0.6638030 | -0.04146201 |\n",
       "| -0.1478641 | -0.02165175 | -0.20642721 | -0.1846239 |  0.94919398 |\n",
       "|  0.6325384 | -0.68636428 |  0.04079836 |  0.3214549 |  0.15427710 |\n",
       "|  0.6866776 |  0.56236471 |  0.34885761 | -0.2639895 |  0.14431830 |\n",
       "\n"
      ],
      "text/plain": [
       "     [,1]       [,2]        [,3]        [,4]       [,5]       \n",
       "[1,] -0.2766971  0.11679657  0.71053427  0.5935115  0.22952665\n",
       "[2,] -0.1730433 -0.44557801  0.57372704 -0.6638030 -0.04146201\n",
       "[3,] -0.1478641 -0.02165175 -0.20642721 -0.1846239  0.94919398\n",
       "[4,]  0.6325384 -0.68636428  0.04079836  0.3214549  0.15427710\n",
       "[5,]  0.6866776  0.56236471  0.34885761 -0.2639895  0.14431830"
      ]
     },
     "metadata": {},
     "output_type": "display_data"
    }
   ],
   "source": [
    "E= eigen(cov(S))$vectors\n",
    "lambda= eigen(cov(S))$values\n",
    "E"
   ]
  },
  {
   "cell_type": "code",
   "execution_count": 4,
   "metadata": {
    "vscode": {
     "languageId": "r"
    }
   },
   "outputs": [
    {
     "data": {
      "text/html": [
       "<style>\n",
       ".list-inline {list-style: none; margin:0; padding: 0}\n",
       ".list-inline>li {display: inline-block}\n",
       ".list-inline>li:not(:last-child)::after {content: \"\\00b7\"; padding: 0 .5ex}\n",
       "</style>\n",
       "<ol class=list-inline><li>1.93289740435318e-07</li><li>1.64544607212452e-08</li><li>1.27056901077819e-08</li><li>4.80641376621755e-09</li><li>1.6258508662528e-25</li></ol>\n"
      ],
      "text/latex": [
       "\\begin{enumerate*}\n",
       "\\item 1.93289740435318e-07\n",
       "\\item 1.64544607212452e-08\n",
       "\\item 1.27056901077819e-08\n",
       "\\item 4.80641376621755e-09\n",
       "\\item 1.6258508662528e-25\n",
       "\\end{enumerate*}\n"
      ],
      "text/markdown": [
       "1. 1.93289740435318e-07\n",
       "2. 1.64544607212452e-08\n",
       "3. 1.27056901077819e-08\n",
       "4. 4.80641376621755e-09\n",
       "5. 1.6258508662528e-25\n",
       "\n",
       "\n"
      ],
      "text/plain": [
       "[1] 1.932897e-07 1.645446e-08 1.270569e-08 4.806414e-09 1.625851e-25"
      ]
     },
     "metadata": {},
     "output_type": "display_data"
    }
   ],
   "source": [
    "lambda"
   ]
  },
  {
   "cell_type": "code",
   "execution_count": 5,
   "metadata": {
    "vscode": {
     "languageId": "r"
    }
   },
   "outputs": [
    {
     "data": {
      "text/html": [
       "<style>\n",
       ".list-inline {list-style: none; margin:0; padding: 0}\n",
       ".list-inline>li {display: inline-block}\n",
       ".list-inline>li:not(:last-child)::after {content: \"\\00b7\"; padding: 0 .5ex}\n",
       "</style>\n",
       "<ol class=list-inline><li>85.1</li><li>92.3</li><li>97.9</li><li>100</li><li>100</li></ol>\n"
      ],
      "text/latex": [
       "\\begin{enumerate*}\n",
       "\\item 85.1\n",
       "\\item 92.3\n",
       "\\item 97.9\n",
       "\\item 100\n",
       "\\item 100\n",
       "\\end{enumerate*}\n"
      ],
      "text/markdown": [
       "1. 85.1\n",
       "2. 92.3\n",
       "3. 97.9\n",
       "4. 100\n",
       "5. 100\n",
       "\n",
       "\n"
      ],
      "text/plain": [
       "[1]  85.1  92.3  97.9 100.0 100.0"
      ]
     },
     "metadata": {},
     "output_type": "display_data"
    }
   ],
   "source": [
    "# cumsum(x)函 数 返 回 由x中 的 元 素 依 次 累 加 得 到 的 向 量\n",
    "round(cumsum(lambda)/sum(lambda)*100, 1)"
   ]
  },
  {
   "cell_type": "markdown",
   "metadata": {},
   "source": [
    " ### (b) \n",
    " Determine the proportion of the total sample variance explained by the first three principal components.Interpret these components.  \n",
    "   \n",
    "   $\\text{(Solution)}.$"
   ]
  },
  {
   "cell_type": "markdown",
   "metadata": {
    "vscode": {
     "languageId": "r"
    }
   },
   "source": [
    "(确定要保留的 principal components 个数)  \n",
    "\n",
    "$(\\Sigma_{i=1}^{3}\\hat{\\lambda_i})/(\\Sigma_{i=1}^{5}\\hat{\\lambda_i})=97.9\\%$"
   ]
  },
  {
   "cell_type": "markdown",
   "metadata": {},
   "source": [
    " ### (c) \n",
    " Construct Bonferroni simultaneous 90% confidence intervals for the variances $\\lambda_1,\\lambda_2,$ and $\\lambda_3$ of the first three population components $Y_1,Y_2$ and $Y_3$.  \n",
    "   \n",
    "   $\\text{(Solution)}.$"
   ]
  },
  {
   "cell_type": "markdown",
   "metadata": {
    "vscode": {
     "languageId": "r"
    }
   },
   "source": [
    "Bonferroni 90% simultaneous confidence intervals for that are given by:  \n",
    "\n",
    "$\\lambda_1$: (.00106, .00195)  \n",
    "\n",
    "$\\lambda_2$.: (.00054, .00100)  \n",
    "\n",
    "$\\lambda_2$: (.00019, .0036)"
   ]
  },
  {
   "cell_type": "markdown",
   "metadata": {},
   "source": [
    "### (d) \n",
    "\n",
    "Given the results in Parts a–c,do you feel that the stock rates-of-return data can be summarized in fewer than five dimensions? Explain.  \n",
    "  \n",
    "  $\\text{(Solution)}.$"
   ]
  },
  {
   "cell_type": "markdown",
   "metadata": {
    "vscode": {
     "languageId": "r"
    }
   },
   "source": [
    "Stock returns are probably best summarized in two dimensions with 80% of the\n",
    " total variation accounted for by a \"market\" component and an \"industry\"\n",
    " component."
   ]
  },
  {
   "cell_type": "markdown",
   "metadata": {},
   "source": [
    "***"
   ]
  },
  {
   "cell_type": "markdown",
   "metadata": {},
   "source": [
    "## 8.16\n",
    "Over a period of five years in the 1990s, yearly samples of fishermen on 28 lakes in Wisconsin were asked to report the time they spent fishing and how many of each type of game fish they caught. Their responses were then converted to a catch rate per hour for\n",
    "- x1 = Bluegill  \n",
    "- x2 = Black crappie  \n",
    "- x3 = Smallmouth bass\n",
    "- x4 = Largemouth bass  \n",
    "- x5 = Walleye  \n",
    "- x6 = Northern pike\n",
    "The estimated correlation matrix (courtesy of Jodi Barnet)\n",
    "***\n",
    "$$\\text{Data is Shown Below}$$\n",
    "***\n",
    " is based on a sample of about 120. (There were a few missing values.)    \n",
    " \n",
    "Fish caught by the same fisherman live alongside of each other, so the data should provide some evidence on how the fish group.  \n",
    "\n",
    "The first four fish belong to the centrar chids, the most plentiful family.The walleye is the most popular fish to eat.\n"
   ]
  },
  {
   "cell_type": "code",
   "execution_count": 6,
   "metadata": {
    "vscode": {
     "languageId": "r"
    }
   },
   "outputs": [],
   "source": [
    "R = matrix(     c( 1, 0.4919, 0.2636, 0.4653, -0.2277, 0.0652,\n",
    "                   0.4919, 1, 0.3127, 0.3506, -0.1917, 0.2045,\n",
    "                   0.2635, 0.3127, 1, 0.4108,0.0647, 0.2493, \n",
    "                   0.4653, 0.3506, 0.4108, 1, -0.2249, 0.2293, \n",
    "                   -0.2277, -0.1917, 0.0647, -0.2249,  1, -0.2144,\n",
    "                   0.0652, 0.2045, 0.2493, 0.2293, -0.2144, 1)\n",
    "                 , nrow = 6, byrow = TRUE)"
   ]
  },
  {
   "cell_type": "code",
   "execution_count": 7,
   "metadata": {
    "vscode": {
     "languageId": "r"
    }
   },
   "outputs": [
    {
     "data": {
      "text/html": [
       "<table class=\"dataframe\">\n",
       "<caption>A matrix: 6 × 6 of type dbl</caption>\n",
       "<tbody>\n",
       "\t<tr><td> 1.0000</td><td> 0.4919</td><td>0.2636</td><td> 0.4653</td><td>-0.2277</td><td> 0.0652</td></tr>\n",
       "\t<tr><td> 0.4919</td><td> 1.0000</td><td>0.3127</td><td> 0.3506</td><td>-0.1917</td><td> 0.2045</td></tr>\n",
       "\t<tr><td> 0.2635</td><td> 0.3127</td><td>1.0000</td><td> 0.4108</td><td> 0.0647</td><td> 0.2493</td></tr>\n",
       "\t<tr><td> 0.4653</td><td> 0.3506</td><td>0.4108</td><td> 1.0000</td><td>-0.2249</td><td> 0.2293</td></tr>\n",
       "\t<tr><td>-0.2277</td><td>-0.1917</td><td>0.0647</td><td>-0.2249</td><td> 1.0000</td><td>-0.2144</td></tr>\n",
       "\t<tr><td> 0.0652</td><td> 0.2045</td><td>0.2493</td><td> 0.2293</td><td>-0.2144</td><td> 1.0000</td></tr>\n",
       "</tbody>\n",
       "</table>\n"
      ],
      "text/latex": [
       "A matrix: 6 × 6 of type dbl\n",
       "\\begin{tabular}{llllll}\n",
       "\t  1.0000 &  0.4919 & 0.2636 &  0.4653 & -0.2277 &  0.0652\\\\\n",
       "\t  0.4919 &  1.0000 & 0.3127 &  0.3506 & -0.1917 &  0.2045\\\\\n",
       "\t  0.2635 &  0.3127 & 1.0000 &  0.4108 &  0.0647 &  0.2493\\\\\n",
       "\t  0.4653 &  0.3506 & 0.4108 &  1.0000 & -0.2249 &  0.2293\\\\\n",
       "\t -0.2277 & -0.1917 & 0.0647 & -0.2249 &  1.0000 & -0.2144\\\\\n",
       "\t  0.0652 &  0.2045 & 0.2493 &  0.2293 & -0.2144 &  1.0000\\\\\n",
       "\\end{tabular}\n"
      ],
      "text/markdown": [
       "\n",
       "A matrix: 6 × 6 of type dbl\n",
       "\n",
       "|  1.0000 |  0.4919 | 0.2636 |  0.4653 | -0.2277 |  0.0652 |\n",
       "|  0.4919 |  1.0000 | 0.3127 |  0.3506 | -0.1917 |  0.2045 |\n",
       "|  0.2635 |  0.3127 | 1.0000 |  0.4108 |  0.0647 |  0.2493 |\n",
       "|  0.4653 |  0.3506 | 0.4108 |  1.0000 | -0.2249 |  0.2293 |\n",
       "| -0.2277 | -0.1917 | 0.0647 | -0.2249 |  1.0000 | -0.2144 |\n",
       "|  0.0652 |  0.2045 | 0.2493 |  0.2293 | -0.2144 |  1.0000 |\n",
       "\n"
      ],
      "text/plain": [
       "     [,1]    [,2]    [,3]   [,4]    [,5]    [,6]   \n",
       "[1,]  1.0000  0.4919 0.2636  0.4653 -0.2277  0.0652\n",
       "[2,]  0.4919  1.0000 0.3127  0.3506 -0.1917  0.2045\n",
       "[3,]  0.2635  0.3127 1.0000  0.4108  0.0647  0.2493\n",
       "[4,]  0.4653  0.3506 0.4108  1.0000 -0.2249  0.2293\n",
       "[5,] -0.2277 -0.1917 0.0647 -0.2249  1.0000 -0.2144\n",
       "[6,]  0.0652  0.2045 0.2493  0.2293 -0.2144  1.0000"
      ]
     },
     "metadata": {},
     "output_type": "display_data"
    }
   ],
   "source": [
    "R"
   ]
  },
  {
   "cell_type": "markdown",
   "metadata": {},
   "source": [
    "### (a) \n",
    "Comment on the pattern of correlation within the centrarchid family $x_1$ through $x_4$.  \n",
    "Does the walleye appear to group with the other fish?  \n",
    "  \n",
    "  $\\text{(Solution)}.$"
   ]
  },
  {
   "cell_type": "markdown",
   "metadata": {},
   "source": [
    "From $x_1$ to $x_4$, an obviously positive correlation is observed."
   ]
  },
  {
   "cell_type": "markdown",
   "metadata": {},
   "source": [
    "### (b)\n",
    "Perform a principal component analysis using only $x_1$ through $x_4$.  \n",
    " Interpret your results.    \n",
    " \n",
    " $\\text{(Solution)}.$"
   ]
  },
  {
   "cell_type": "code",
   "execution_count": 8,
   "metadata": {
    "vscode": {
     "languageId": "r"
    }
   },
   "outputs": [],
   "source": [
    "R.b= R[1:4,1:4]\n",
    "E.b= eigen(R.b)$vectors\n",
    "lambda.b= eigen(R.b)$values"
   ]
  },
  {
   "cell_type": "code",
   "execution_count": 9,
   "metadata": {
    "vscode": {
     "languageId": "r"
    }
   },
   "outputs": [
    {
     "data": {
      "text/html": [
       "<style>\n",
       ".list-inline {list-style: none; margin:0; padding: 0}\n",
       ".list-inline>li {display: inline-block}\n",
       ".list-inline>li:not(:last-child)::after {content: \"\\00b7\"; padding: 0 .5ex}\n",
       "</style>\n",
       "<ol class=list-inline><li>2.1539189028114</li><li>0.787549772215874</li><li>0.615658988097202</li><li>0.442872336875524</li></ol>\n"
      ],
      "text/latex": [
       "\\begin{enumerate*}\n",
       "\\item 2.1539189028114\n",
       "\\item 0.787549772215874\n",
       "\\item 0.615658988097202\n",
       "\\item 0.442872336875524\n",
       "\\end{enumerate*}\n"
      ],
      "text/markdown": [
       "1. 2.1539189028114\n",
       "2. 0.787549772215874\n",
       "3. 0.615658988097202\n",
       "4. 0.442872336875524\n",
       "\n",
       "\n"
      ],
      "text/plain": [
       "[1] 2.1539189 0.7875498 0.6156590 0.4428723"
      ]
     },
     "metadata": {},
     "output_type": "display_data"
    }
   ],
   "source": [
    "lambda.b"
   ]
  },
  {
   "cell_type": "code",
   "execution_count": 10,
   "metadata": {
    "vscode": {
     "languageId": "r"
    }
   },
   "outputs": [
    {
     "data": {
      "text/html": [
       "<table class=\"dataframe\">\n",
       "<caption>A matrix: 4 × 4 of type dbl</caption>\n",
       "<tbody>\n",
       "\t<tr><td>-0.5265384</td><td>-0.4571582</td><td> 0.2491110</td><td>-0.6719808</td></tr>\n",
       "\t<tr><td>-0.5033080</td><td>-0.4119833</td><td>-0.6142538</td><td> 0.4467865</td></tr>\n",
       "\t<tr><td>-0.4427711</td><td> 0.7584337</td><td>-0.3680028</td><td>-0.3056057</td></tr>\n",
       "\t<tr><td>-0.5228691</td><td> 0.2146031</td><td> 0.6520812</td><td> 0.5053996</td></tr>\n",
       "</tbody>\n",
       "</table>\n"
      ],
      "text/latex": [
       "A matrix: 4 × 4 of type dbl\n",
       "\\begin{tabular}{llll}\n",
       "\t -0.5265384 & -0.4571582 &  0.2491110 & -0.6719808\\\\\n",
       "\t -0.5033080 & -0.4119833 & -0.6142538 &  0.4467865\\\\\n",
       "\t -0.4427711 &  0.7584337 & -0.3680028 & -0.3056057\\\\\n",
       "\t -0.5228691 &  0.2146031 &  0.6520812 &  0.5053996\\\\\n",
       "\\end{tabular}\n"
      ],
      "text/markdown": [
       "\n",
       "A matrix: 4 × 4 of type dbl\n",
       "\n",
       "| -0.5265384 | -0.4571582 |  0.2491110 | -0.6719808 |\n",
       "| -0.5033080 | -0.4119833 | -0.6142538 |  0.4467865 |\n",
       "| -0.4427711 |  0.7584337 | -0.3680028 | -0.3056057 |\n",
       "| -0.5228691 |  0.2146031 |  0.6520812 |  0.5053996 |\n",
       "\n"
      ],
      "text/plain": [
       "     [,1]       [,2]       [,3]       [,4]      \n",
       "[1,] -0.5265384 -0.4571582  0.2491110 -0.6719808\n",
       "[2,] -0.5033080 -0.4119833 -0.6142538  0.4467865\n",
       "[3,] -0.4427711  0.7584337 -0.3680028 -0.3056057\n",
       "[4,] -0.5228691  0.2146031  0.6520812  0.5053996"
      ]
     },
     "metadata": {},
     "output_type": "display_data"
    }
   ],
   "source": [
    "E.b"
   ]
  },
  {
   "cell_type": "code",
   "execution_count": 11,
   "metadata": {
    "vscode": {
     "languageId": "r"
    }
   },
   "outputs": [
    {
     "data": {
      "text/html": [
       "<table class=\"dataframe\">\n",
       "<caption>A matrix: 4 × 4 of type dbl</caption>\n",
       "<thead>\n",
       "\t<tr><th scope=col>PC1</th><th scope=col>PC2</th><th scope=col>PC3</th><th scope=col>PC4</th></tr>\n",
       "</thead>\n",
       "<tbody>\n",
       "\t<tr><td>-0.5328709</td><td> 0.2909314</td><td>-0.6497249</td><td>0.4574550</td></tr>\n",
       "\t<tr><td>-0.4655031</td><td>-0.5559171</td><td> 0.4803235</td><td>0.4935104</td></tr>\n",
       "\t<tr><td> 0.6968408</td><td>-0.2717610</td><td>-0.2646193</td><td>0.6087163</td></tr>\n",
       "\t<tr><td> 0.1173386</td><td> 0.7296993</td><td> 0.5264253</td><td>0.4202939</td></tr>\n",
       "</tbody>\n",
       "</table>\n"
      ],
      "text/latex": [
       "A matrix: 4 × 4 of type dbl\n",
       "\\begin{tabular}{llll}\n",
       " PC1 & PC2 & PC3 & PC4\\\\\n",
       "\\hline\n",
       "\t -0.5328709 &  0.2909314 & -0.6497249 & 0.4574550\\\\\n",
       "\t -0.4655031 & -0.5559171 &  0.4803235 & 0.4935104\\\\\n",
       "\t  0.6968408 & -0.2717610 & -0.2646193 & 0.6087163\\\\\n",
       "\t  0.1173386 &  0.7296993 &  0.5264253 & 0.4202939\\\\\n",
       "\\end{tabular}\n"
      ],
      "text/markdown": [
       "\n",
       "A matrix: 4 × 4 of type dbl\n",
       "\n",
       "| PC1 | PC2 | PC3 | PC4 |\n",
       "|---|---|---|---|\n",
       "| -0.5328709 |  0.2909314 | -0.6497249 | 0.4574550 |\n",
       "| -0.4655031 | -0.5559171 |  0.4803235 | 0.4935104 |\n",
       "|  0.6968408 | -0.2717610 | -0.2646193 | 0.6087163 |\n",
       "|  0.1173386 |  0.7296993 |  0.5264253 | 0.4202939 |\n",
       "\n"
      ],
      "text/plain": [
       "     PC1        PC2        PC3        PC4      \n",
       "[1,] -0.5328709  0.2909314 -0.6497249 0.4574550\n",
       "[2,] -0.4655031 -0.5559171  0.4803235 0.4935104\n",
       "[3,]  0.6968408 -0.2717610 -0.2646193 0.6087163\n",
       "[4,]  0.1173386  0.7296993  0.5264253 0.4202939"
      ]
     },
     "metadata": {},
     "output_type": "display_data"
    }
   ],
   "source": [
    "R.b_prcomp <- prcomp(R.b, center = TRUE, scale. = FALSE, retx = TRUE)\n",
    "R.b_prcomp$rotation"
   ]
  },
  {
   "cell_type": "markdown",
   "metadata": {
    "vscode": {
     "languageId": "r"
    }
   },
   "source": [
    "#### St.Dev"
   ]
  },
  {
   "cell_type": "code",
   "execution_count": 12,
   "metadata": {
    "vscode": {
     "languageId": "r"
    }
   },
   "outputs": [
    {
     "data": {
      "text/html": [
       "<style>\n",
       ".list-inline {list-style: none; margin:0; padding: 0}\n",
       ".list-inline>li {display: inline-block}\n",
       ".list-inline>li:not(:last-child)::after {content: \"\\00b7\"; padding: 0 .5ex}\n",
       "</style>\n",
       "<ol class=list-inline><li>0.458774650380371</li><li>0.358587211891571</li><li>0.256129900251542</li><li>3.97067294483673e-17</li></ol>\n"
      ],
      "text/latex": [
       "\\begin{enumerate*}\n",
       "\\item 0.458774650380371\n",
       "\\item 0.358587211891571\n",
       "\\item 0.256129900251542\n",
       "\\item 3.97067294483673e-17\n",
       "\\end{enumerate*}\n"
      ],
      "text/markdown": [
       "1. 0.458774650380371\n",
       "2. 0.358587211891571\n",
       "3. 0.256129900251542\n",
       "4. 3.97067294483673e-17\n",
       "\n",
       "\n"
      ],
      "text/plain": [
       "[1] 4.587747e-01 3.585872e-01 2.561299e-01 3.970673e-17"
      ]
     },
     "metadata": {},
     "output_type": "display_data"
    }
   ],
   "source": [
    "R.b_prcomp$sdev"
   ]
  },
  {
   "cell_type": "markdown",
   "metadata": {},
   "source": [
    "#### Prob_of_var"
   ]
  },
  {
   "cell_type": "code",
   "execution_count": 13,
   "metadata": {
    "vscode": {
     "languageId": "r"
    }
   },
   "outputs": [
    {
     "data": {
      "text/html": [
       "<style>\n",
       ".list-inline {list-style: none; margin:0; padding: 0}\n",
       ".list-inline>li {display: inline-block}\n",
       ".list-inline>li:not(:last-child)::after {content: \"\\00b7\"; padding: 0 .5ex}\n",
       "</style>\n",
       "<ol class=list-inline><li>54</li><li>20</li><li>15</li><li>11</li></ol>\n"
      ],
      "text/latex": [
       "\\begin{enumerate*}\n",
       "\\item 54\n",
       "\\item 20\n",
       "\\item 15\n",
       "\\item 11\n",
       "\\end{enumerate*}\n"
      ],
      "text/markdown": [
       "1. 54\n",
       "2. 20\n",
       "3. 15\n",
       "4. 11\n",
       "\n",
       "\n"
      ],
      "text/plain": [
       "[1] 54 20 15 11"
      ]
     },
     "metadata": {},
     "output_type": "display_data"
    }
   ],
   "source": [
    "round((lambda.b)/sum(lambda.b)*100)"
   ]
  },
  {
   "cell_type": "markdown",
   "metadata": {
    "vscode": {
     "languageId": "r"
    }
   },
   "source": [
    "#### Cumulative Proportion"
   ]
  },
  {
   "cell_type": "code",
   "execution_count": 14,
   "metadata": {
    "vscode": {
     "languageId": "r"
    }
   },
   "outputs": [
    {
     "data": {
      "text/html": [
       "<style>\n",
       ".list-inline {list-style: none; margin:0; padding: 0}\n",
       ".list-inline>li {display: inline-block}\n",
       ".list-inline>li:not(:last-child)::after {content: \"\\00b7\"; padding: 0 .5ex}\n",
       "</style>\n",
       "<ol class=list-inline><li>53.8</li><li>73.5</li><li>88.9</li><li>100</li></ol>\n"
      ],
      "text/latex": [
       "\\begin{enumerate*}\n",
       "\\item 53.8\n",
       "\\item 73.5\n",
       "\\item 88.9\n",
       "\\item 100\n",
       "\\end{enumerate*}\n"
      ],
      "text/markdown": [
       "1. 53.8\n",
       "2. 73.5\n",
       "3. 88.9\n",
       "4. 100\n",
       "\n",
       "\n"
      ],
      "text/plain": [
       "[1]  53.8  73.5  88.9 100.0"
      ]
     },
     "metadata": {},
     "output_type": "display_data"
    }
   ],
   "source": [
    "round(cumsum(lambda.b)/sum(lambda.b)*100, 1)"
   ]
  },
  {
   "cell_type": "markdown",
   "metadata": {},
   "source": [
    "### (c)\n",
    "Perform a principal component analysis using all six variables.  \n",
    "Interpret your results.    \n",
    "\n",
    "$\\text{(Solution)}.$"
   ]
  },
  {
   "cell_type": "code",
   "execution_count": 15,
   "metadata": {
    "vscode": {
     "languageId": "r"
    }
   },
   "outputs": [
    {
     "data": {
      "text/html": [
       "<style>\n",
       ".list-inline {list-style: none; margin:0; padding: 0}\n",
       ".list-inline>li {display: inline-block}\n",
       ".list-inline>li:not(:last-child)::after {content: \"\\00b7\"; padding: 0 .5ex}\n",
       "</style>\n",
       "<ol class=list-inline><li>2.35492502615017</li><li>1.07185670803615</li><li>0.984248584216947</li><li>0.664385779738342</li><li>0.500389739645256</li><li>0.424194162213139</li></ol>\n"
      ],
      "text/latex": [
       "\\begin{enumerate*}\n",
       "\\item 2.35492502615017\n",
       "\\item 1.07185670803615\n",
       "\\item 0.984248584216947\n",
       "\\item 0.664385779738342\n",
       "\\item 0.500389739645256\n",
       "\\item 0.424194162213139\n",
       "\\end{enumerate*}\n"
      ],
      "text/markdown": [
       "1. 2.35492502615017\n",
       "2. 1.07185670803615\n",
       "3. 0.984248584216947\n",
       "4. 0.664385779738342\n",
       "5. 0.500389739645256\n",
       "6. 0.424194162213139\n",
       "\n",
       "\n"
      ],
      "text/plain": [
       "[1] 2.3549250 1.0718567 0.9842486 0.6643858 0.5003897 0.4241942"
      ]
     },
     "metadata": {},
     "output_type": "display_data"
    }
   ],
   "source": [
    "lambda= eigen(R)$values\n",
    "E= eigen(R)$vectors\n",
    "lambda"
   ]
  },
  {
   "cell_type": "code",
   "execution_count": 16,
   "metadata": {
    "vscode": {
     "languageId": "r"
    }
   },
   "outputs": [
    {
     "data": {
      "text/html": [
       "<table class=\"dataframe\">\n",
       "<caption>A matrix: 6 × 6 of type dbl</caption>\n",
       "<tbody>\n",
       "\t<tr><td>-0.4753543</td><td> 0.02188910</td><td> 0.47987482</td><td> 0.04564932</td><td> 0.3578888</td><td>-0.6425051</td></tr>\n",
       "\t<tr><td>-0.4719328</td><td>-0.01924243</td><td> 0.20906455</td><td> 0.70296351</td><td>-0.1771358</td><td> 0.4556533</td></tr>\n",
       "\t<tr><td>-0.3931540</td><td>-0.56061775</td><td>-0.26440849</td><td>-0.17551515</td><td>-0.5973982</td><td>-0.2713733</td></tr>\n",
       "\t<tr><td>-0.4963538</td><td>-0.07723024</td><td> 0.03226116</td><td>-0.60426514</td><td> 0.3238962</td><td> 0.5260914</td></tr>\n",
       "\t<tr><td> 0.2563177</td><td>-0.80502150</td><td> 0.01294351</td><td> 0.21817123</td><td> 0.4823355</td><td> 0.0768220</td></tr>\n",
       "\t<tr><td>-0.2910014</td><td> 0.17559671</td><td>-0.80925398</td><td> 0.24539324</td><td> 0.3822272</td><td>-0.1524794</td></tr>\n",
       "</tbody>\n",
       "</table>\n"
      ],
      "text/latex": [
       "A matrix: 6 × 6 of type dbl\n",
       "\\begin{tabular}{llllll}\n",
       "\t -0.4753543 &  0.02188910 &  0.47987482 &  0.04564932 &  0.3578888 & -0.6425051\\\\\n",
       "\t -0.4719328 & -0.01924243 &  0.20906455 &  0.70296351 & -0.1771358 &  0.4556533\\\\\n",
       "\t -0.3931540 & -0.56061775 & -0.26440849 & -0.17551515 & -0.5973982 & -0.2713733\\\\\n",
       "\t -0.4963538 & -0.07723024 &  0.03226116 & -0.60426514 &  0.3238962 &  0.5260914\\\\\n",
       "\t  0.2563177 & -0.80502150 &  0.01294351 &  0.21817123 &  0.4823355 &  0.0768220\\\\\n",
       "\t -0.2910014 &  0.17559671 & -0.80925398 &  0.24539324 &  0.3822272 & -0.1524794\\\\\n",
       "\\end{tabular}\n"
      ],
      "text/markdown": [
       "\n",
       "A matrix: 6 × 6 of type dbl\n",
       "\n",
       "| -0.4753543 |  0.02188910 |  0.47987482 |  0.04564932 |  0.3578888 | -0.6425051 |\n",
       "| -0.4719328 | -0.01924243 |  0.20906455 |  0.70296351 | -0.1771358 |  0.4556533 |\n",
       "| -0.3931540 | -0.56061775 | -0.26440849 | -0.17551515 | -0.5973982 | -0.2713733 |\n",
       "| -0.4963538 | -0.07723024 |  0.03226116 | -0.60426514 |  0.3238962 |  0.5260914 |\n",
       "|  0.2563177 | -0.80502150 |  0.01294351 |  0.21817123 |  0.4823355 |  0.0768220 |\n",
       "| -0.2910014 |  0.17559671 | -0.80925398 |  0.24539324 |  0.3822272 | -0.1524794 |\n",
       "\n"
      ],
      "text/plain": [
       "     [,1]       [,2]        [,3]        [,4]        [,5]       [,6]      \n",
       "[1,] -0.4753543  0.02188910  0.47987482  0.04564932  0.3578888 -0.6425051\n",
       "[2,] -0.4719328 -0.01924243  0.20906455  0.70296351 -0.1771358  0.4556533\n",
       "[3,] -0.3931540 -0.56061775 -0.26440849 -0.17551515 -0.5973982 -0.2713733\n",
       "[4,] -0.4963538 -0.07723024  0.03226116 -0.60426514  0.3238962  0.5260914\n",
       "[5,]  0.2563177 -0.80502150  0.01294351  0.21817123  0.4823355  0.0768220\n",
       "[6,] -0.2910014  0.17559671 -0.80925398  0.24539324  0.3822272 -0.1524794"
      ]
     },
     "metadata": {},
     "output_type": "display_data"
    }
   ],
   "source": [
    "E"
   ]
  },
  {
   "cell_type": "code",
   "execution_count": 17,
   "metadata": {
    "vscode": {
     "languageId": "r"
    }
   },
   "outputs": [
    {
     "data": {
      "text/html": [
       "<table class=\"dataframe\">\n",
       "<caption>A matrix: 6 × 6 of type dbl</caption>\n",
       "<thead>\n",
       "\t<tr><th scope=col>PC1</th><th scope=col>PC2</th><th scope=col>PC3</th><th scope=col>PC4</th><th scope=col>PC5</th><th scope=col>PC6</th></tr>\n",
       "</thead>\n",
       "<tbody>\n",
       "\t<tr><td>-0.4470380</td><td> 0.46088301</td><td> 0.1547431</td><td>-0.179663264</td><td>-0.63907013</td><td>0.3508688</td></tr>\n",
       "\t<tr><td>-0.4015488</td><td> 0.21173719</td><td> 0.3358751</td><td> 0.650025100</td><td> 0.45587229</td><td>0.2253036</td></tr>\n",
       "\t<tr><td>-0.1424289</td><td>-0.06084952</td><td>-0.7890890</td><td> 0.526857775</td><td>-0.27481658</td><td>0.0157022</td></tr>\n",
       "\t<tr><td>-0.4254760</td><td> 0.07608897</td><td>-0.4512964</td><td>-0.514071833</td><td> 0.52860310</td><td>0.2565563</td></tr>\n",
       "\t<tr><td> 0.6271670</td><td> 0.22469590</td><td>-0.1063428</td><td> 0.057642612</td><td> 0.08283993</td><td>0.7312178</td></tr>\n",
       "\t<tr><td>-0.2103839</td><td>-0.82630126</td><td> 0.1600118</td><td>-0.004104359</td><td>-0.14819575</td><td>0.4747444</td></tr>\n",
       "</tbody>\n",
       "</table>\n"
      ],
      "text/latex": [
       "A matrix: 6 × 6 of type dbl\n",
       "\\begin{tabular}{llllll}\n",
       " PC1 & PC2 & PC3 & PC4 & PC5 & PC6\\\\\n",
       "\\hline\n",
       "\t -0.4470380 &  0.46088301 &  0.1547431 & -0.179663264 & -0.63907013 & 0.3508688\\\\\n",
       "\t -0.4015488 &  0.21173719 &  0.3358751 &  0.650025100 &  0.45587229 & 0.2253036\\\\\n",
       "\t -0.1424289 & -0.06084952 & -0.7890890 &  0.526857775 & -0.27481658 & 0.0157022\\\\\n",
       "\t -0.4254760 &  0.07608897 & -0.4512964 & -0.514071833 &  0.52860310 & 0.2565563\\\\\n",
       "\t  0.6271670 &  0.22469590 & -0.1063428 &  0.057642612 &  0.08283993 & 0.7312178\\\\\n",
       "\t -0.2103839 & -0.82630126 &  0.1600118 & -0.004104359 & -0.14819575 & 0.4747444\\\\\n",
       "\\end{tabular}\n"
      ],
      "text/markdown": [
       "\n",
       "A matrix: 6 × 6 of type dbl\n",
       "\n",
       "| PC1 | PC2 | PC3 | PC4 | PC5 | PC6 |\n",
       "|---|---|---|---|---|---|\n",
       "| -0.4470380 |  0.46088301 |  0.1547431 | -0.179663264 | -0.63907013 | 0.3508688 |\n",
       "| -0.4015488 |  0.21173719 |  0.3358751 |  0.650025100 |  0.45587229 | 0.2253036 |\n",
       "| -0.1424289 | -0.06084952 | -0.7890890 |  0.526857775 | -0.27481658 | 0.0157022 |\n",
       "| -0.4254760 |  0.07608897 | -0.4512964 | -0.514071833 |  0.52860310 | 0.2565563 |\n",
       "|  0.6271670 |  0.22469590 | -0.1063428 |  0.057642612 |  0.08283993 | 0.7312178 |\n",
       "| -0.2103839 | -0.82630126 |  0.1600118 | -0.004104359 | -0.14819575 | 0.4747444 |\n",
       "\n"
      ],
      "text/plain": [
       "     PC1        PC2         PC3        PC4          PC5         PC6      \n",
       "[1,] -0.4470380  0.46088301  0.1547431 -0.179663264 -0.63907013 0.3508688\n",
       "[2,] -0.4015488  0.21173719  0.3358751  0.650025100  0.45587229 0.2253036\n",
       "[3,] -0.1424289 -0.06084952 -0.7890890  0.526857775 -0.27481658 0.0157022\n",
       "[4,] -0.4254760  0.07608897 -0.4512964 -0.514071833  0.52860310 0.2565563\n",
       "[5,]  0.6271670  0.22469590 -0.1063428  0.057642612  0.08283993 0.7312178\n",
       "[6,] -0.2103839 -0.82630126  0.1600118 -0.004104359 -0.14819575 0.4747444"
      ]
     },
     "metadata": {},
     "output_type": "display_data"
    }
   ],
   "source": [
    "R_prcomp <- prcomp(R, center = TRUE, scale. = FALSE, retx = TRUE)\n",
    "R_prcomp$rotation"
   ]
  },
  {
   "cell_type": "code",
   "execution_count": 18,
   "metadata": {
    "vscode": {
     "languageId": "r"
    }
   },
   "outputs": [
    {
     "data": {
      "text/html": [
       "<style>\n",
       ".list-inline {list-style: none; margin:0; padding: 0}\n",
       ".list-inline>li {display: inline-block}\n",
       ".list-inline>li:not(:last-child)::after {content: \"\\00b7\"; padding: 0 .5ex}\n",
       "</style>\n",
       "<ol class=list-inline><li>0.755995958261463</li><li>0.443025050298856</li><li>0.332348423359276</li><li>0.269459913408217</li><li>0.189708292183906</li><li>2.47622038834351e-17</li></ol>\n"
      ],
      "text/latex": [
       "\\begin{enumerate*}\n",
       "\\item 0.755995958261463\n",
       "\\item 0.443025050298856\n",
       "\\item 0.332348423359276\n",
       "\\item 0.269459913408217\n",
       "\\item 0.189708292183906\n",
       "\\item 2.47622038834351e-17\n",
       "\\end{enumerate*}\n"
      ],
      "text/markdown": [
       "1. 0.755995958261463\n",
       "2. 0.443025050298856\n",
       "3. 0.332348423359276\n",
       "4. 0.269459913408217\n",
       "5. 0.189708292183906\n",
       "6. 2.47622038834351e-17\n",
       "\n",
       "\n"
      ],
      "text/plain": [
       "[1] 7.559960e-01 4.430251e-01 3.323484e-01 2.694599e-01 1.897083e-01\n",
       "[6] 2.476220e-17"
      ]
     },
     "metadata": {},
     "output_type": "display_data"
    }
   ],
   "source": [
    "R_prcomp$sdev"
   ]
  },
  {
   "cell_type": "code",
   "execution_count": 19,
   "metadata": {
    "vscode": {
     "languageId": "r"
    }
   },
   "outputs": [
    {
     "data": {
      "text/html": [
       "<style>\n",
       ".list-inline {list-style: none; margin:0; padding: 0}\n",
       ".list-inline>li {display: inline-block}\n",
       ".list-inline>li:not(:last-child)::after {content: \"\\00b7\"; padding: 0 .5ex}\n",
       "</style>\n",
       "<ol class=list-inline><li>39</li><li>18</li><li>16</li><li>11</li><li>8</li><li>7</li></ol>\n"
      ],
      "text/latex": [
       "\\begin{enumerate*}\n",
       "\\item 39\n",
       "\\item 18\n",
       "\\item 16\n",
       "\\item 11\n",
       "\\item 8\n",
       "\\item 7\n",
       "\\end{enumerate*}\n"
      ],
      "text/markdown": [
       "1. 39\n",
       "2. 18\n",
       "3. 16\n",
       "4. 11\n",
       "5. 8\n",
       "6. 7\n",
       "\n",
       "\n"
      ],
      "text/plain": [
       "[1] 39 18 16 11  8  7"
      ]
     },
     "metadata": {},
     "output_type": "display_data"
    }
   ],
   "source": [
    "round((lambda)/sum(lambda)*100)"
   ]
  },
  {
   "cell_type": "code",
   "execution_count": 20,
   "metadata": {
    "vscode": {
     "languageId": "r"
    }
   },
   "outputs": [
    {
     "data": {
      "text/html": [
       "<style>\n",
       ".list-inline {list-style: none; margin:0; padding: 0}\n",
       ".list-inline>li {display: inline-block}\n",
